1742180850098 3.8768 0
1742181054890 3.2342 1
1742181247970 3.70626 2
1742181464273 3.49373 3
1742181660051 3.12424 4
1742181878112 2.00978 5
1742182127705 1.98987 6
1742182374765 2.10502 7
1742182618904 2.10537 8
1742182903546 2.23163 9
1742183162544 1.67502 10
1742183391695 1.87895 11
1742183615054 1.56953 12
1742183857448 1.36832 13
1742184077688 1.54328 14
1742184304189 1.66573 15
1742184500859 1.47939 16
1742184702494 1.64534 17
1742184952168 1.61691 18
1742185175935 2.03448 19
1742185426514 1.38233 20
1742185647148 1.51304 21
1742185923343 1.49771 22
1742186161231 1.44908 23
1742186437641 1.37653 24
1742186656379 1.46798 25
1742186913657 1.39186 26
1742187173399 1.39007 27
1742187480730 1.37905 28
1742187710971 1.39862 29
1742188009227 1.37186 30
1742188226097 1.62488 31
1742188516716 1.35705 32
1742188747690 1.49525 33
1742189043274 1.53376 34
1742189264668 1.56297 35
1742189553379 1.40826 36
1742189755948 1.46761 37
1742190066748 1.4638 38
1742190301366 1.48643 39
1742190588507 1.50354 40
1742190807175 1.38242 41
1742191075345 1.44655 42
1742191290394 1.24303 43
1742191547137 1.25394 44
1742191775101 1.15805 45
1742192028139 1.25423 46
1742192258628 1.27251 47
1742192550038 1.23381 48
1742192834587 1.23558 49
1742193107443 1.26527 50
1742193323022 1.31257 51
1742193636045 1.3057 52
1742193932475 1.1768 53
1742194157370 1.20808 54
1742194438629 1.31151 55
1742194712290 1.14229 56
1742194929369 1.21075 57
1742195209763 1.21762 58
1742195544772 1.23911 59
1742195755724 1.21013 60
1742196038041 1.19501 61
1742196315837 1.26195 62
1742196538474 1.34169 63
1742196809610 1.25513 64
1742197107016 1.23056 65
1742197369337 1.2315 66
1742197627473 1.21745 67
1742197968130 1.42334 68
1742198211601 1.15279 69
1742198517361 1.15463 70
1742198940340 1.14537 71
1742199169140 1.29576 72
1742199444862 1.12821 73
1742199739169 1.15061 74
1742199947464 1.09791 75
1742200267880 1.13498 76
1742200577420 1.11765 77
1742200825558 1.16077 78
1742201167778 1.08598 79
1742201525072 1.27462 80
1742201755591 1.23347 81
1742202045800 0.95002 82
1742202398709 1.16542 83
1742202664038 1.13231 84
1742202946572 1.12407 85
1742203220708 1.01969 86
1742203578822 0.99555 87
1742203892484 1.03282 88
1742204185388 1.0791 89
1742204487170 0.97456 90
1742204792748 1.11974 91
1742205100326 0.9361 92
1742205417824 1.11657 93
1742205708730 1.04446 94
1742205990244 0.92432 95
1742206242177 0.92761 96
1742206483304 0.95628 97
1742206738296 0.94993 98
1742206992851 1.1088 99
