1742180850098 4.78098 0
1742181054890 4.62544 1
1742181247970 4.44754 2
1742181464273 4.02009 3
1742181660051 3.68862 4
1742181878112 2.79539 5
1742182127705 2.33504 6
1742182374765 3.35887 7
1742182618904 2.32164 8
1742182903546 2.65333 9
1742183162544 2.41517 10
1742183391695 1.9499 11
1742183615054 1.68017 12
1742183857448 1.99417 13
1742184077688 1.79306 14
1742184304189 1.76588 15
1742184500859 1.52181 16
1742184702494 1.63304 17
1742184952168 1.78979 18
1742185175935 1.96427 19
1742185426514 1.45934 20
1742185647148 1.63818 21
1742185923343 1.59053 22
1742186161231 1.9064 23
1742186437641 2.174 24
1742186656379 1.3039 25
1742186913657 1.47667 26
1742187173399 1.39607 27
1742187480730 1.3541 28
1742187710971 1.32406 29
1742188009227 1.3165 30
1742188226097 1.37782 31
1742188516716 1.43717 32
1742188747690 1.3598 33
1742189043274 1.46303 34
1742189264668 1.44405 35
1742189553379 1.32182 36
1742189755948 1.27319 37
1742190066748 1.47053 38
1742190301366 1.3502 39
1742190588507 1.26266 40
1742190807175 1.69643 41
1742191075345 1.01448 42
1742191290394 1.06937 43
1742191547137 0.93977 44
1742191775101 1.1284 45
1742192028139 1.49857 46
1742192258628 1.50461 47
1742192550038 1.14455 48
1742192834587 1.36765 49
1742193107443 1.20158 50
1742193323022 1.21603 51
1742193636045 1.06964 52
1742193932475 1.31757 53
1742194157370 0.98685 54
1742194438629 1.11778 55
1742194712290 0.83404 56
1742194929369 0.89034 57
1742195209763 0.86491 58
1742195544772 1.32069 59
1742195755724 1.11263 60
1742196038041 0.93632 61
1742196315837 1.13548 62
1742196538474 1.32166 63
1742196809610 0.99051 64
1742197107016 1.0703 65
1742197369337 0.98589 66
1742197627473 1.66056 67
1742197968130 0.9884 68
1742198211601 0.99203 69
1742198517361 1.01074 70
1742198940340 0.87544 71
1742199169140 0.99996 72
1742199444862 0.89181 73
1742199739169 0.83365 74
1742199947464 1.55178 75
1742200267880 0.87337 76
1742200577420 0.78707 77
1742200825558 0.97015 78
1742201167778 0.80838 79
1742201525072 1.07276 80
1742201755591 1.07566 81
1742202045800 0.79094 82
1742202398709 0.97252 83
1742202664038 1.02572 84
1742202946572 0.95905 85
1742203220708 0.85069 86
1742203578822 1.2474 87
1742203892484 1.03098 88
1742204185388 0.94768 89
1742204487170 0.93925 90
1742204792748 1.07706 91
1742205100326 0.89325 92
1742205417824 0.90649 93
1742205708730 0.9101 94
1742205990244 0.90073 95
1742206242177 0.76876 96
1742206483304 0.77418 97
1742206738296 0.83893 98
1742206992851 0.8746 99
