1742180850098 2.50628 0
1742181054890 2.01782 1
1742181247970 2.04317 2
1742181464273 2.00441 3
1742181660051 1.65792 4
1742181878112 1.33026 5
1742182127705 1.31429 6
1742182374765 1.33705 7
1742182618904 1.2673 8
1742182903546 1.19277 9
1742183162544 1.10607 10
1742183391695 1.13764 11
1742183615054 1.05627 12
1742183857448 1.02046 13
1742184077688 1.05399 14
1742184304189 0.98888 15
1742184500859 0.99547 16
1742184702494 1.007 17
1742184952168 1.03368 18
1742185175935 1.09183 19
1742185426514 0.98819 20
1742185647148 1.01018 21
1742185923343 0.92987 22
1742186161231 0.98749 23
1742186437641 0.99513 24
1742186656379 0.95613 25
1742186913657 0.95626 26
1742187173399 1.00703 27
1742187480730 0.98257 28
1742187710971 0.9716 29
1742188009227 0.95903 30
1742188226097 0.95744 31
1742188516716 0.9578 32
1742188747690 0.92974 33
1742189043274 0.96866 34
1742189264668 0.98437 35
1742189553379 0.9399 36
1742189755948 0.97386 37
1742190066748 0.95658 38
1742190301366 0.94594 39
1742190588507 0.97956 40
1742190807175 0.93705 41
1742191075345 0.909 42
1742191290394 0.92126 43
1742191547137 0.92711 44
1742191775101 0.91075 45
1742192028139 0.92369 46
1742192258628 0.99651 47
1742192550038 0.96097 48
1742192834587 0.93269 49
1742193107443 0.92759 50
1742193323022 0.91362 51
1742193636045 0.95414 52
1742193932475 0.91875 53
1742194157370 0.90966 54
1742194438629 0.91938 55
1742194712290 0.9108 56
1742194929369 0.94137 57
1742195209763 0.90344 58
1742195544772 0.93941 59
1742195755724 0.92572 60
1742196038041 0.92568 61
1742196315837 0.91716 62
1742196538474 0.98624 63
1742196809610 0.90466 64
1742197107016 0.91484 65
1742197369337 0.90546 66
1742197627473 0.91931 67
1742197968130 0.92936 68
1742198211601 0.8988 69
1742198517361 0.92851 70
1742198940340 0.89732 71
1742199169140 0.88684 72
1742199444862 0.9236 73
1742199739169 0.90624 74
1742199947464 0.93472 75
1742200267880 0.90398 76
1742200577420 0.93939 77
1742200825558 0.86601 78
1742201167778 0.92951 79
1742201525072 0.91102 80
1742201755591 0.90504 81
1742202045800 0.89572 82
1742202398709 0.88354 83
1742202664038 0.91045 84
1742202946572 0.90184 85
1742203220708 0.89938 86
1742203578822 0.88358 87
1742203892484 0.88955 88
1742204185388 0.88347 89
1742204487170 0.84339 90
1742204792748 0.85389 91
1742205100326 0.8575 92
1742205417824 0.89098 93
1742205708730 0.89009 94
1742205990244 0.87504 95
1742206242177 0.88808 96
1742206483304 0.89234 97
1742206738296 0.88365 98
1742206992851 0.95665 99
