1742180850098 0.0 0
1742181054890 1.237625e-05 1
1742181247970 2.4505e-05 2
1742181464273 3.638625e-05 3
1742181660051 4.802e-05 4
1742181878112 5.940625e-05 5
1742182127705 7.0545e-05 6
1742182374765 8.143624999999999e-05 7
1742182618904 9.208000000000001e-05 8
1742182903546 0.00010247625000000002 9
1742183162544 0.00011262500000000001 10
1742183391695 0.00012252625 11
1742183615054 0.00013218 12
1742183857448 0.00014158625 13
1742184077688 0.000150745 14
1742184304189 0.00015965625 15
1742184500859 0.00016832 16
1742184702494 0.00017673625 17
1742184952168 0.00018490500000000005 18
1742185175935 0.00019282625000000003 19
1742185426514 0.00020050000000000002 20
1742185647148 0.00020792625000000002 21
1742185923343 0.00021510500000000002 22
1742186161231 0.00022203625 23
1742186437641 0.00022872000000000002 24
1742186656379 0.00023515625 25
1742186913657 0.000241345 26
1742187173399 0.00024728625 27
1742187480730 0.00025298000000000003 28
1742187710971 0.00025842625 29
1742188009227 0.000263625 30
1742188226097 0.00026857625 31
1742188516716 0.00027328 32
1742188747690 0.00027773625 33
1742189043274 0.00028194499999999997 34
1742189264668 0.00028590625000000003 35
1742189553379 0.0002896200000000001 36
1742189755948 0.00029308625000000005 37
1742190066748 0.00029630500000000007 38
1742190301366 0.00029927625000000004 39
1742190588507 0.000302 40
1742190807175 0.00030447625000000006 41
1742191075345 0.00030670500000000005 42
1742191290394 0.00030868625 43
1742191547137 0.00031042000000000005 44
1742191775101 0.00031190625 45
1742192028139 0.0003131450000000001 46
1742192258628 0.00031413625000000005 47
1742192550038 0.0003148800000000001 48
1742192834587 0.00031537625 49
1742193107443 0.000315625 50
1742193323022 0.00031562625 51
1742193636045 0.00031538 52
1742193932475 0.00031488625 53
1742194157370 0.000314145 54
1742194438629 0.00031315625 55
1742194712290 0.00031192 56
1742194929369 0.00031043625 57
1742195209763 0.000308705 58
1742195544772 0.00030672625000000003 59
1742195755724 0.00030450000000000003 60
1742196038041 0.00030202625000000003 61
1742196315837 0.000299305 62
1742196538474 0.00029633625000000005 63
1742196809610 0.00029312 64
1742197107016 0.00028965625 65
1742197369337 0.00028594499999999996 66
1742197627473 0.00028198624999999994 67
1742197968130 0.00027778 68
1742198211601 0.0002733262500000001 69
1742198517361 0.0002686250000000001 70
1742198940340 0.00026367625000000005 71
1742199169140 0.00025848 72
1742199444862 0.0002530362500000001 73
1742199739169 0.000247345 74
1742199947464 0.00024140625 75
1742200267880 0.00023522000000000001 76
1742200577420 0.00022878625 77
1742200825558 0.00022210499999999995 78
1742201167778 0.00021517625 79
1742201525072 0.00020799999999999996 80
1742201755591 0.00020057624999999992 81
1742202045800 0.00019290500000000005 82
1742202398709 0.00018498625000000005 83
1742202664038 0.00017682000000000006 84
1742202946572 0.00016840625000000002 85
1742203220708 0.000159745 86
1742203578822 0.00015083625000000003 87
1742203892484 0.00014168 88
1742204185388 0.00013227624999999997 89
1742204487170 0.00012262499999999999 90
1742204792748 0.00011272624999999997 91
1742205100326 0.00010257999999999996 92
1742205417824 9.218624999999992e-05 93
1742205708730 8.154500000000006e-05 94
1742205990244 7.065625000000005e-05 95
1742206242177 5.9520000000000054e-05 96
1742206483304 4.813625000000003e-05 97
1742206738296 3.6505000000000024e-05 98
1742206992851 2.4626250000000012e-05 99
