1742180895817 0.0 0
1742181098967 0.0 1
1742181295044 0.00049 2
1742181504863 0.03282 3
1742181717127 0.04968 4
1742181943287 0.02751 5
1742182175223 0.01391 6
1742182429485 0.01935 7
1742182698029 0.05048 8
1742182983502 0.11034 9
1742183220051 0.1993 10
1742183458756 0.22263 11
1742183704701 0.26075 12
1742183909705 0.16362 13
1742184137900 0.20429 14
1742184354279 0.24366 15
1742184550685 0.21784 16
1742184774838 0.21784 17
1742185006059 0.17812 18
1742185239487 0.17812 19
1742185491397 0.09731 20
1742185716622 0.10767 21
1742185981125 0.08556 22
1742186233046 0.07926 23
1742186484117 0.08245 24
1742186736398 0.07037 25
1742186980064 0.09158 26
1742187242871 0.07876 27
1742187532329 0.07608 28
1742187778594 0.07608 29
1742188072281 0.07616 30
1742188298220 0.07614 31
1742188576644 0.1318 32
1742188827323 0.13668 33
1742189099519 0.11226 34
1742189335466 0.11938 35
1742189616151 0.13111 36
1742189851262 0.13111 37
1742190124214 0.12609 38
1742190379400 0.15702 39
1742190646430 0.17408 40
1742190874993 0.15701 41
1742191129532 0.19413 42
1742191352676 0.18581 43
1742191604212 0.22335 44
1742191842520 0.22335 45
1742192100497 0.25823 46
1742192343198 0.29096 47
1742192622875 0.2842 48
1742192899014 0.2842 49
1742193159535 0.29735 50
1742193402271 0.29735 51
1742193715325 0.29735 52
1742193995335 0.28107 53
1742194228108 0.28107 54
1742194530558 0.28107 55
1742194760392 0.28001 56
1742195007879 0.28001 57
1742195317595 0.28001 58
1742195598618 0.25828 59
1742195842565 0.25828 60
1742196116335 0.25828 61
1742196373919 0.24502 62
1742196608930 0.24502 63
1742196908576 0.24502 64
1742197166403 0.38232 65
1742197440997 0.38232 66
1742197733763 0.38232 67
1742198031735 0.39413 68
1742198311552 0.39413 69
1742198672405 0.39413 70
1742199001025 0.47497 71
1742199267128 0.47497 72
1742199521849 0.47497 73
1742199788383 0.52798 74
1742200024853 0.52798 75
1742200369380 0.52798 76
1742200641835 0.54023 77
1742200922420 0.54023 78
1742201249932 0.54023 79
1742201588043 0.54914 80
1742201835557 0.54914 81
1742202154180 0.54914 82
1742202438201 0.53234 83
1742202730366 0.53234 84
1742203036361 0.53234 85
1742203327066 0.53234 86
1742203624685 0.51638 87
1742203939788 0.51638 88
1742204286604 0.51638 89
1742204596087 0.51638 90
1742204844465 0.50466 91
1742205171904 0.50466 92
1742205501506 0.50466 93
1742205771413 0.50466 94
1742206045608 0.55394 95
1742206301940 0.55394 96
1742206545775 0.55394 97
1742206801208 0.55394 98
1742207047156 0.5594 99
1742207112113 0.5584497978381778 99
