1742180895817 0.0 0
1742181098967 0.0 1
1742181295044 0.00113 2
1742181504863 0.07778 3
1742181717127 0.16557 4
1742181943287 0.0979 5
1742182175223 0.0512 6
1742182429485 0.07461 7
1742182698029 0.16126 8
1742182983502 0.24998 9
1742183220051 0.37732 10
1742183458756 0.3998 11
1742183704701 0.43764 12
1742183909705 0.28126 13
1742184137900 0.35227 14
1742184354279 0.45277 15
1742184550685 0.43309 16
1742184774838 0.43309 17
1742185006059 0.3607 18
1742185239487 0.3607 19
1742185491397 0.20382 20
1742185716622 0.21061 21
1742185981125 0.1549 22
1742186233046 0.15144 23
1742186484117 0.14077 24
1742186736398 0.12607 25
1742186980064 0.15062 26
1742187242871 0.13307 27
1742187532329 0.13072 28
1742187778594 0.13072 29
1742188072281 0.13119 30
1742188298220 0.13067 31
1742188576644 0.23524 32
1742188827323 0.24148 33
1742189099519 0.21714 34
1742189335466 0.23721 35
1742189616151 0.25972 36
1742189851262 0.25972 37
1742190124214 0.23896 38
1742190379400 0.29681 39
1742190646430 0.32739 40
1742190874993 0.30012 41
1742191129532 0.37416 42
1742191352676 0.35755 43
1742191604212 0.42646 44
1742191842520 0.42646 45
1742192100497 0.46937 46
1742192343198 0.53391 47
1742192622875 0.50245 48
1742192899014 0.50245 49
1742193159535 0.5439 50
1742193402271 0.5439 51
1742193715325 0.5439 52
1742193995335 0.48233 53
1742194228108 0.48233 54
1742194530558 0.48233 55
1742194760392 0.48473 56
1742195007879 0.48473 57
1742195317595 0.48473 58
1742195598618 0.48332 59
1742195842565 0.48332 60
1742196116335 0.48332 61
1742196373919 0.45703 62
1742196608930 0.45703 63
1742196908576 0.45703 64
1742197166403 0.67149 65
1742197440997 0.67149 66
1742197733763 0.67149 67
1742198031735 0.66051 68
1742198311552 0.66051 69
1742198672405 0.66051 70
1742199001025 0.81941 71
1742199267128 0.81941 72
1742199521849 0.81941 73
1742199788383 0.92776 74
1742200024853 0.92776 75
1742200369380 0.92776 76
1742200641835 0.93977 77
1742200922420 0.93977 78
1742201249932 0.93977 79
1742201588043 0.95223 80
1742201835557 0.95223 81
1742202154180 0.95223 82
1742202438201 0.93704 83
1742202730366 0.93704 84
1742203036361 0.93704 85
1742203327066 0.93704 86
1742203624685 0.91151 87
1742203939788 0.91151 88
1742204286604 0.91151 89
1742204596087 0.91151 90
1742204844465 0.859 91
1742205171904 0.859 92
1742205501506 0.859 93
1742205771413 0.859 94
1742206045608 0.93707 95
1742206301940 0.93707 96
1742206545775 0.93707 97
1742206801208 0.93707 98
1742207047156 0.94239 99
1742207112113 0.9423938981552038 99
