1742180895817 0.0 0
1742181098967 0.0 1
1742181295044 0.00192 2
1742181504863 0.10661 3
1742181717127 0.63638 4
1742181943287 0.0856 5
1742182175223 0.05905 6
1742182429485 0.40024 7
1742182698029 0.4519 8
1742182983502 0.52826 9
1742183220051 0.29111 10
1742183458756 0.4428 11
1742183704701 0.35262 12
1742183909705 0.17971 13
1742184137900 0.34853 14
1742184354279 0.39162 15
1742184550685 0.36639 16
1742184774838 0.36639 17
1742185006059 0.30791 18
1742185239487 0.30791 19
1742185491397 0.22602 20
1742185716622 0.26382 21
1742185981125 0.13278 22
1742186233046 0.14305 23
1742186484117 0.17759 24
1742186736398 0.14297 25
1742186980064 0.17815 26
1742187242871 0.14472 27
1742187532329 0.13802 28
1742187778594 0.13802 29
1742188072281 0.13452 30
1742188298220 0.12631 31
1742188576644 0.18747 32
1742188827323 0.21745 33
1742189099519 0.21886 34
1742189335466 0.22657 35
1742189616151 0.25309 36
1742189851262 0.25309 37
1742190124214 0.23893 38
1742190379400 0.24302 39
1742190646430 0.28043 40
1742190874993 0.30074 41
1742191129532 0.33008 42
1742191352676 0.35955 43
1742191604212 0.34231 44
1742191842520 0.34231 45
1742192100497 0.58525 46
1742192343198 0.54739 47
1742192622875 0.35423 48
1742192899014 0.35423 49
1742193159535 0.62662 50
1742193402271 0.62662 51
1742193715325 0.62662 52
1742193995335 0.46645 53
1742194228108 0.46645 54
1742194530558 0.46645 55
1742194760392 0.50031 56
1742195007879 0.50031 57
1742195317595 0.50031 58
1742195598618 0.50444 59
1742195842565 0.50444 60
1742196116335 0.50444 61
1742196373919 0.56046 62
1742196608930 0.56046 63
1742196908576 0.56046 64
1742197166403 0.68274 65
1742197440997 0.68274 66
1742197733763 0.68274 67
1742198031735 0.59097 68
1742198311552 0.59097 69
1742198672405 0.59097 70
1742199001025 0.77366 71
1742199267128 0.77366 72
1742199521849 0.77366 73
1742199788383 0.85905 74
1742200024853 0.85905 75
1742200369380 0.85905 76
1742200641835 0.85312 77
1742200922420 0.85312 78
1742201249932 0.85312 79
1742201588043 0.86178 80
1742201835557 0.86178 81
1742202154180 0.86178 82
1742202438201 0.85425 83
1742202730366 0.85425 84
1742203036361 0.85425 85
1742203327066 0.85425 86
1742203624685 0.87766 87
1742203939788 0.87766 88
1742204286604 0.87766 89
1742204596087 0.87766 90
1742204844465 0.80713 91
1742205171904 0.80713 92
1742205501506 0.80713 93
1742205771413 0.80713 94
1742206045608 0.8885 95
1742206301940 0.8885 96
1742206545775 0.8885 97
1742206801208 0.8885 98
1742207047156 0.92093 99
1742207112113 0.9208025399545217 99
