1742180895817 0.0 0
1742181098967 0.0 1
1742181295044 0.02344 2
1742181504863 0.11719 3
1742181717127 0.23438 4
1742181943287 0.28125 5
1742182175223 0.21094 6
1742182429485 0.10938 7
1742182698029 0.17188 8
1742182983502 0.21875 9
1742183220051 0.4963 10
1742183458756 0.55504 11
1742183704701 0.56739 12
1742183909705 0.56579 13
1742184137900 0.58044 14
1742184354279 0.53721 15
1742184550685 0.61093 16
1742184774838 0.61093 17
1742185006059 0.59616 18
1742185239487 0.59616 19
1742185491397 0.65855 20
1742185716622 0.48314 21
1742185981125 0.61102 22
1742186233046 0.62379 23
1742186484117 0.48191 24
1742186736398 0.64466 25
1742186980064 0.61595 26
1742187242871 0.73314 27
1742187532329 0.72533 28
1742187778594 0.72533 29
1742188072281 0.64309 30
1742188298220 0.68215 31
1742188576644 0.79482 32
1742188827323 0.69179 33
1742189099519 0.49548 34
1742189335466 0.55304 35
1742189616151 0.53721 36
1742189851262 0.53721 37
1742190124214 0.42475 38
1742190379400 0.55649 39
1742190646430 0.51442 40
1742190874993 0.46809 41
1742191129532 0.62664 42
1742191352676 0.56046 43
1742191604212 0.74777 44
1742191842520 0.74777 45
1742192100497 0.53947 46
1742192343198 0.66531 47
1742192622875 0.76439 48
1742192899014 0.76439 49
1742193159535 0.67866 50
1742193402271 0.67866 51
1742193715325 0.67866 52
1742193995335 0.87568 53
1742194228108 0.87568 54
1742194530558 0.87568 55
1742194760392 0.81513 56
1742195007879 0.81513 57
1742195317595 0.81513 58
1742195598618 0.64227 59
1742195842565 0.64227 60
1742196116335 0.64227 61
1742196373919 0.71365 62
1742196608930 0.71365 63
1742196908576 0.71365 64
1742197166403 0.83456 65
1742197440997 0.83456 66
1742197733763 0.83456 67
1742198031735 0.88519 68
1742198311552 0.88519 69
1742198672405 0.88519 70
1742199001025 0.86323 71
1742199267128 0.86323 72
1742199521849 0.86323 73
1742199788383 0.91425 74
1742200024853 0.91425 75
1742200369380 0.91425 76
1742200641835 0.96086 77
1742200922420 0.96086 78
1742201249932 0.96086 79
1742201588043 0.93001 80
1742201835557 0.93001 81
1742202154180 0.93001 82
1742202438201 0.91875 83
1742202730366 0.91875 84
1742203036361 0.91875 85
1742203327066 0.91875 86
1742203624685 0.92532 87
1742203939788 0.92532 88
1742204286604 0.92532 89
1742204596087 0.92532 90
1742204844465 0.95251 91
1742205171904 0.95251 92
1742205501506 0.95251 93
1742205771413 0.95251 94
1742206045608 0.9679 95
1742206301940 0.9679 96
1742206545775 0.9679 97
1742206801208 0.9679 98
1742207047156 0.97077 99
1742207112113 0.9707575469874866 99
